2.0787735303551966
0
0
0
0
0.1601347184836431
0.12508179247936083
0
0.11908644304070495
0
0
0
0.150376921403215
0
0
0
0
0
0.18228342950259704
0
0
0
0
0.1190851460131702
0
0.11913255429330855
0.11915672585290962
0.13682172793494507
0.1563733136872427
0
0
0
0
0.11935036211645084
0
0
0
0
0
0
0
0
0
0.08108550579466368
0
0
0
0
0
0
0
0.08939720634966986
0.1567765641844162
0.1827808356061393
0.11916382161799141
0
0
0
0
3.833398423454143
0
3.874974554677286
0
0
916298420.529519
3.8303805060451643
3.7469329744640274
402511083.6008055
0
0
0
3.7459717739657035
0
0
0
0
0
0
0
0
0
0
0
0
0
0
0
0
0
0
0
0
0
0
3.746834647897614
0
0
0
3.76102602070688
0
0
0
0
0
3685039.7510942216
3.8573616112441766
0
0
0
0
0
0
0
0
0
0
0
0
4.071511164414504
0
0
0
0
0
0
0
0
0
0
0.183623830959064
0
0
0
0
0
0
0
0
4.8103813833219995
0
0
0
0
0
0
3.245517344593234
0
0
3.012516921236989
3.1106995757297136
0
0
0
0
0
0
0
0
0
0
3.691724313329103
0
0
0
0
2.5610824400082177
0
0
0
0
0
0
0
0
0
0
1.527108495604636
0
1.483237324370718
0
1.8210743815508617
0
0
0
0
0
0
0
0
0
0
0
0
0
0
0
0
0
0
0
0
0
0
0
1.638517653562416
0
1.45945604150508
1.8963623161990775
0
0
0
0
0
0
0
0
0
0
1.7814898381641693
0
0
0
0
1.5140349367164998
0
0
0
1.9924412918728593
0
0
1.554474763124551
0
0
0
0
299016974.6503825
0
0
0
0
0
465148255.832506
0
306841486.24622667
0
0
1.434698151888618
1.251617159343495
0
0
0
0
0
0
0
0
0
0
0
0
0
0
0
0
0
0
0
0
0
0
0
1.537629889759344
0
0
0
0
0
0
0
0
1.5192021574151127
0
0
0
0
0.10347510950478513
0
0
0
0
0
0
0
0.156457683110836
0.06170188824902546
0
0
0
0.10142242818405216
0.15612952679167075
0
0
0
0
0
0
0.11662284844911494
0
0.14438493726067905
0
0
0
0
0
0
0
0.06129436120474645
0.17153426198478097
0
0
0
0
0
0.1565006172328526
0
0
0
0.10266003534072168
0
0
0
0
0.08060083399482872
0
961723462.6507317
0
0
0
0
0
0
0
0
0
0
0
0
0
0
0
0
0
0
0
0
0
0
0
0
0
0
0
0
0
0
0
0
0
0
0
0
0
0
0
10.949929160087667
0
0
0
27.634098701143113
0
0
0
40.45921421609519
0
0
0
0
7.646105349801333
0
0
0
0
0
0
0
0
0
0
0
7.807642883814757
0
0
0
10.462086800522034
0
0
0
0
0
0
0
0
7.868876674168341
0
0
0
0
0
0
0
0
0
0
0.06141997127963798
7.124393523099974
0
8.09203910116363
0
0
0.04619572146438829
0.09746261388854083
0
3.690687242746058
0
0
0
0
0
0
0
0
7.844659688426812
0.14268915473619775
0
0
0
0.14566066534959687
0
0
0
0.10954218015864615
0.13220293773210476
0
0.15504535974711464
0.12172723481103644
0
0.10231316571133532
0
0
0
0.14044305097744808
0.12703873211618602
0
0.04995758476388183
0
0.1844923390116341
0.04768333960411286
0
0.17732024504534075
0.04684528965790598
0.17313501319825145
0.16642844406896942
0.17126919784603314
0.1777986441207451
0
0.136052317534835
0
0
0.0460476539417132
0.15146273313390274
0.04148686415913109
0
0.1350878652534004
0
0.03897744842093039
0
0.04136501479185138
0
0
0
0
0
0.17911423120373474
0
0.05203580478482629
0.15722873384380665
0.13962394802614247
0.17952489392598378
0.15232714247120555
0
0
0
0
0.07475874845302152
0
0.17983312777049523
0.06219081411265609
0.15762172631775176
0.14261543914770833
0
0.18319427577806222
0.15535405434388816
0.13724918390209806
0
0
0
0
0
0
0
0
0.13970219639712314
0
0
0
0
0.05352232728662309
0
0
0
0
0
0
0
0
0
0
0
0
0
0
0
0
0
0
0.08241396384407747
0
0
0
0
0
0
0
0
0
0
0
0
0
0
0
0
0
0
0
0
0
0
0.1168538856206837
0
0
0
0
0
0
0
0
0
0
0
0
0
0
0
0
0
0
0
0
0
0
0
0
0
0
0
0
0
0
0
0
0
0
0
0
0
0
0
0
0
0
0
0
0
0
0
0
0
0
0
0
0
0
0
0
0
0
0
0
0
0
0
0
0
0
0
0
0
0
0
0
0
0
0
0
0
0
0
0
0
0
0
0
0
0
0
0
0
0
0
0
0
0
0
0
0
0
0
0
0
0
0
0
0
0
0
0
0
0
0
0
0
0
0
0
0
0
0
0
0
0
0
0
0
0
0
0
0
0
0
0
0
0
0
0
0
0
0
0
0
0
0.1647448554336652
0.16778678720854392
0.10856144450955124
0.16161149831564758
0.13773447617829893
0.12113143948339215
0.17286096710206028
0.05552397957987311
0.08944300508263135
0
0.0762043797358244
0.11393953280427639
0.15155939835005752
0.16855969328980766
0.11897691416377326
0.11325716110609324
0.11922186155952502
0
0.11748056566255399
0
0
0.15989085391413077
0.13876620594198646
0.09980511815815571
0
0
0.1161709969435595
0
0
0.09841797540585516
0.10428601818413534
0
0.06309769577655303
0.12287326302805625
0
0.11990019885071114
0.07917056389811673
0.1130827834479856
0.11301931311923614
0
0.11582910605607406
0
0.0992711553178046
0
0
0
0.1698195544545659
0.10124405968001833
0.1336466853690581
0.11330984974660314
0
0.15263876060742823
0
0
0.15349317027570633
0
0
0
0
0
0
0
0
0
0
0
0
0
0
0
0
0
0
0
0.10667366959420242
0
0
0
0
0
0
0
0
0
0
0
0
0
0
0
0
0
0
0
0
0
0
0
0
0
0
0
0
0
0
0
0
0
0
0
0
0
0
0
0
0
0
0
0
0
0
0
0
0
0
0
0
0
0
0
0
0
0
0
0
0
0
0
0
0
0
0
0
0
0
0
0
0
0
0
0
0
0
0
0
0
0
0
0
0
0
0
0
0
0
0
0
0
0
0
0
0
0
0
0
0
0
0
0
0
0
0
0
0
0
0
0
0
0
0
0
0
0
0
0
0
0
0
0
0
0
0
0
0
0
0
0
0
0
0
0
0
0
0
0
0
0
0
0
0
0
0
0
0
0
0
0
0
0
0
0
0
0
0
0
0
0
0
0
0
0
0
0
0
0
0
0
0
0
0
0
0
0
0
0
0
0
0
0
0
0
0
0
0
0
0
0
0
0
0
0
0
0
0
0
0
0
0
0
0
0
0
967811226.9393336
0
0
0.14033651048256224
0
0
0.1720085038363354
0
0
0
0
0
0
0
0
0
0
0
0
0
0
0
0
0
0
0
0
0
0
0
904205300.4108009
954894842.4813788
0
0
0
0
0
0
0
0
2.664073144703495
3.1056125205667637
2.777794537932303
2.68703607382179
2.439467356645749
3.928432132871009
2.535413207576055
3.1135195551344235
3.081997326127999
3.2123007147770286
2.7907112317784124
3.489639305984748
2.6044975005054667
2.2602399152869115
4.1766230940724185
2.2045039820621772
2.338197516990483
2.2604439013446282
2.1732013880063312
2.4044154616886786
3.422191938874623
2.9482982361513663
2.203660529124902
2.917104598526521
3.8933737179166905
2.790505040076907
3.0743366392584406
2.605688920152764
2.1905435325456857
2.5386423934935123
2.3653746749658446
2.944345321991432
2.414110979695095
2.1964150285665838
2.151847651465434
2.1563595155841444
2.9347771783840413
2.922218237741817
2.252962145958405
2.1947190245811474
3.6369860612427565
3.02259240658336
2.159108360548463
2.4940021379136277
3.5655292549726263
2.5703984972649314
3.2445302023819576
2.3202711302528365
2.193782545912127
2.2105431559005866
2.4294886515295406
2.653731194055089
3.078083899698099
2.919922192459898
2.1617840057531548
2.2885526150432582
2.4941144259396673
0
0
0
0
2.6556642386136735
2.760060858430288
0
0
0
2.132871698855127
2.5693379738028037
0
0
0
2.648562464276077
0
2.3690818337512467
0
0
0
0
0
0
0
2.4799368972010893
0
0
0
0
0
0
2.9183036614118936
0
0
0
0
0
0
0
0
0
0
0
0
0
0
0
0
0
0
0
0
0
2.064451175056799
0
0
0
0
0
0
0
0
0
0
0
0
0
0
0
0
0
0
0
0
0
0
0
0
0
0
0
0
0
0
0
0
0
0
0
0
0
0
0
0
0
0
0
0
0
0
0
0
0
0
0
0
0
0
0
0
0
0
0
0
0
0
0
0
0
0
2.957281704650434
2.8850327638392073
0
3.8785768555006404
4.083237480276883
0
0
0
3.0684578881611975
2.681261415441356
0
2.9831215627276593
2.996139211915281
2.7092399701044987
0
3.542623119839031
2.4735208511207083
3.9447880902721737
0
0
2.722175169113079
3.11253193208798
0
0
0
3.1120230997764313
0
2.983328121324817
0
0
0
3.916150452818755
3.6557333724080423
3.6481225710451453
0
0
0
3.672059508558279
0
0
0
0
3.6556545069184025
2.980749781598713
2.9766984813410704
3.995029611483075
0
3.5513430323253363
0
0
2.943049859509101
0
0
0
2.1152368155464902
0
0
0
0
3.515414612718413
2.0914741636236305
3.378046275582763
0
3.214166324220645
3.7795169632613805
0
0
0
0
2.3681133591872476
0
3.4069044203743437
0
3.3276361408341
2.096654961632072
5.785000108852247
0
2.941325232657998
0
0
0
0
0
2.2053620640826064
4.738538764858413
4.230036661886632
3.6788728057751716
0
4.557581476602639
0
0
3.6534815842592603
2.779856045204421
0
4.709570472799027
0
0
2.109687241857021
2.09039478723307
0
0
0
3.4051882797210493
2.00273871311801
0
0
0
3.875806766370834
0
0
0
0
0
0
0
0
0
0
0
0
0
0
0
0
0
0
0
0
0
0
0
0
0
0
0
0
0
0
0
0
0
0
0
0
0
0
0
0
0
0
0
0
0
0
0
0
0
0
0
0
0
0
0
0
0
0
2.668211342390787
0
0
0
3.332662948501652
0
3.0670951966887547
686284353.6216431
0
0
0
0
3.093890670628252
0
0
0
0
0
3.067428292070196
0
0
2.895302897182571
0
0
0
0
0
0
4.077307037903609
0
0
0
0
3.1408253289912715
0
0
0
5.191090115866433
0
0
0
0
3.587433805483229
3.886905963593146
0
0
0
0
2.929999347572734
0
0
2.7938903571995035
0
0
3.5605698936046353
0
0
0
0
0
0
0
3.8012780627812277
0
5.284442234589055
0
0
0
0
0
0
0
0
0
0
0
0
0
0
0
0
0
0
0
0
0
0
3.8215924701580937
0
0
0
0
0
0
0
0
3.885670881366025
0
0
0
0
0
0
0
0
0
0
0
4.689591159745655
0
0
0
0
0
0
0
0
0
0
0
0
0
0
0
0
0
0
0
0
0
0
0
0
0
0
0
0
0
0
0
0
0
0
0
0
0
0
0
0
0
0
0
0
0
0
0
0
0
0
0
0
0
0
0
0
0
0
0
0
0
0
0
0
0
0
0
0
0
0
0
0
0
0
0
0
0
0
0
0
0
0
0
0
0
0
0
0
0
0
0
0
0
0
0
0
0
0
0
0
0
0
0
0
0
0
0
0
0
0
0
0
4.169128107722096
0
0
0
0
0
0
0
0
0
0
0
0
0
0
0
0
0.07756845620714302
0
0
0
0
0
0
0
0
0
0
0
0
0
0
0
0
0
0
0
0
0
0
0
5.991383351495806
0
0
0
0
0
0
0
0
0
0
0
0
0
0
0
0
0
0
0
0
0
0
0.16343563494431548
0.14410197161550334
0
0
0
0
0
0
0
0
0.15984344722641747
0
0
0
0
0
0.13049237170277506
0
0
0
0
0
0
0
0
0
0
0
0
0.17072780877739363
0
0
0
0
817507147.2553535
0
0
0
0
0
0.12937347127364618
0
0
0
0
0
0.16362903352915012
0
0
0
0
0
0
0
0
0.059699222512062514
0
0
0
0
0
0
0
0
0
0
0
0
0
0
0
0
0
0
0
0
0
0.18307395469049467
0
0
0
0
0
0.18161448805582786
0
0
0
0
0
0
0
0
0
0
0
0.18276277281402514
0
0
0
0
0.17941082613287415
0
0
0
0
0
0.12903599267056087
3.5591689329224336
0
0
0
0
5.282282020214966
0
0
0
0
0
0
0
0
0
0
0
0.12131502265777967
0
0
0
0
0
0
0
0
0
0
0
0
0
0
0
0
0
0
0
0
0
0
0
0
0
0
0
0
952081499.7069536
0
0
0
0
0
0
0
0
0
0
0
0
0
0
0
866682795.1789545
0
0
0
0
0
0
0
0
0
0
0
0
0
0
0
235539135.00640443
0
0
0
0
0
0
0
0
0
0
0
0
0
0
0
250543756.67082784
0
0
0
0
0
0
0
0
0
0
940719515.1478318
0
232970110.9118268
0
0
0
0
0
0
0
0
0
0
0
0
0
0
0
0.14227385162137454
0
0
0
0
0.09354167082838402
0
0
0
0
0
0
0
0
0
0
0
0
0
0
0
0
0
3.725358668908447
0
0
0
0
0
0
0
0
0
0
0
0
0
0
0
2.8728823162386514
0.14602902385208913
0
0
0
0
453855612.1817332
0
0
1.9676137032451775
0
0
0
0
0
0
2.6139413996922807
0
0
0
2.596006859923255
2.2704099871581827
2.389996626804566
0
0
0
0
0
0
0
2.613426375014474
0
0
2.3527231966961373
0
0
0
0
0
0
0
0
2.5749924147877463
0
2.4193768393838515
0
2.2714671435328126
0
2.6137474791672
0
0
0
0
2.4877490356670644
0
0
2.6161115115727296
2.6133959312723487
0
0
0
2.5959483675944037
2.6136562635589238
2.615918936611034
0
2.6130135339923473
2.389862067946066
0
0
0
0
0
0
0
0
0
0
0
0
0
0
0
0
0
0
3.0547807739949056
0
0
0
4.120691864636177
0
0
0
0
0
0
0
0
0
0
2.371732089367353
0
0
3.1097169900059956
0
0
0
0
0
0
0
0
0
0
0
0
0
0
2.516105233516769
0
0
0
0
0
0
0
0
0
0
0
0
0
0
0
0
0
0
0.08861001662715098
0
0
0
0
0.02327617917765183
0
0
0
0
0
0
0
0
0.06477451295988827
0
0
0
0
0
0
0
0
0
0
0
0
0
0
0
0
0
0
0
0.020431937010458905
0
0
0
0
0
0
0
0
0
0
0
0
0
0
0
0
0
0
0
0
0
0
0
0
0
0
0
0
0
0
0
0
0
0
0
0
0
0
0
0
0
0
0
0
0
0
0
0
0
0
0
0
0
0
0
0
0
0
0
0
0
0
0
0
0
0
0
0
0
0
0
0
0
3.0250308164667903
3.194985457208394
3.748638061617823
0
346042347.4012911
0
5.321035039626335
0
0
3.4259121686309424
0
0
0
1.697633428757498
3.6146619547713437
0
0.06033049989458916
0
4.19135938292445
0.070738703821863
0
0
0.060921526898147144
0
2.655839877377494
0
0.061104739071650135
3.3082219954807353
0
0
0.15045519069104432
0
0.11746800084587602
0
2.8603262546659654
0
0
2.497271092024087
0.08159391218871002
4.1539056222428306
0
0
0
2.546119748121407
0
0.07407348126568485
1.8444541861047503
0.15363162942299385
0
0.043548828482506366
0.0734752911322792
0
0
0
1.8179906630850986
0
0
0
920404166.3471518
0
0
876590845.6237653
0
859762733.7778472
876047738.6579423
0
0
0
0
856164488.3155524
868940003.7612742
853887056.3672026
842604600.2207565
0
867004817.2072322
0
0
0
0
0
0
875025627.543146
852494896.7929918
0
842333771.502988
864649464.0392469
0
0
832748262.0213913
863060749.2486153
0
879122640.7565482
881425000.2169927
0
868529187.6874306
0
0
839446713.8214434
0
0
0
0
862698710.8646122
0
0
0
879485787.6225857
0
0
845438215.1355046
873068799.2704479
0
0
0
0
0
0
0
0
0
0
0
0
260849695.34578413
0
0
0
0
0
0
884797223.5688127
0
0
7.226265298069307
0
0
884816955.819237
0
0
0
260553204.56782213
881130326.0450138
813820679.7449976
0
0
0
0
0
5.3676254958337974
0
0
0
0
0
5.010207134215988
0
0
0
0
0
0
0
0
0
0
0
938368176.5976287
0
0
0.1382288216668605
0
0
0
0
0
0
0
0.010935968487937226
0
0
0
0
0.13374622460797858
0
0
0
0
0
0
0
0
0
0
0
0
0
0
0
0
0.1645353005121385
0
0
0.014548398851699996
0
0
0.16444835737983976
0
0
0
0
0.028398698297481796
0
0
0
0
0
0
0.18135625115951004
0.13025562670860347
0.06656535049715899
0
0
0
0
0
0
0
0
0
0
0.05649670912852954
0
0
0
0
0
0
0
0
0
0
0
0
0
0
0
0
0.07358704725129606
0
0
0
0
0
0
0
0
0
0
0
0
0
0
0.06936452647902844
0
0
0
0
0
0
0
0
0
0
0
0
0
0
0
0
0
0
0
0
0
0
0
0
0
0
0
0
0
0
0
0
0
0
0
0
0
0
0
0
0
0
0
0
0
0
372740492.1903875
373006813.88666683
0
0
0
0
0
332169683.1824133
373840243.11008805
0
0
0
0
0
375115169.12023896
0
0
440689080.17418355
0
0
0
0
0
332697425.6711032
316076038.8773851
0
440345065.9142573
0
0
439869399.5532538
0
0
0
0
0
0
0
0
0
0
0
0
0
0
0
0
0
0
0
0
0
0
0
0
0
0
0.17409572402930593
0
0
0
0
0
0
0
0
0
0
0
0
0
0
0
0
0.17623481730778784
0
0
0
0
0
0.17408350893426247
0
0
0
0
0
0
0
0
0
0
0
0
0
0
0
0
0
0
0
0
0
0
0
0
0
0
0
0
0
0
0
0
0
0
0
0
0
0
0
0
0
0
0
0
0
0
0
0
0
0
0
0
0
0
0
0
0
0
0
0
0
0
0
0
0
0
0
1.8030208437763253
0
2.260833448224663
0
0
1.726707569027545
0
0
0
0
0
0
0
0
0
0
0
0
0
0
2.3335018388066437
0
0
0
0
0
0
0
0
0
0
1.701928654100668
0
1.7377829300962733
0
1.8209309357575516
0
0
0
0
0
2.210613840373603
0
0
0
0
0
0
0
0
0
0
0
1.7915842755052045
1.7317007784632632
0
940544653.9297526
0
913233742.937921
0
0
0
514222966.43027616
900665957.9336632
522276795.03563476
0
930155676.1149915
0
0
0
0
527413440.6507817
936785479.0925661
551239767.8134493
0
0
0
0
0
0
0
0
0
0
0
0
0
929986001.4296588
0
0
0
0
0
0
967446460.3115468
0
0
0
0
0
0
678779351.7131089
0
0
0
0
0
530096944.38929117
0
0
0
0
0
0
0
0
0
0
0
0
0
0
0
0
0
0
0
0
0
0
0
4.221564309742782
0
0
0
0
0
0
0
0
0
0
0
3.479685990137763
0
0
0
0
0
0
0
0
0
0
0
3.309329394078896
0
0
0
0
4.72916408105398
0
0
0
0
0
0
0
0
0
0
0
0.09946208711852574
0.14810703278470003
0
0
0
0.10073072073186777
0
0
0
0
0
0
0
0
0
0
0
0
0
0.1485549362883139
0
0
0
0
0
0.1507640155073805
0
0
0
0
0
0
0
0
0
0
0
0
0
0
0
0
0
0
0.08713808782156264
0
0
0
0
0
0
0
0
0
0
0
1.6191730832107907
0
0
0
0
0
0
0
0
0
0
2.269403233009861
0
6.172196492758549
0
0
0
0
0
0
0
0
0
0
2.077392770305019
0
6.237876269289115
0
0
0
6.203362424574897
0
0
0
0
0
0
0
0
0
0
0
0
0
6.17687559070668
0
2.7479790793462717
0
0
0
0
0
0
0
0
0
0
0
0
0
0
0
0
0
0
0
0
0
0
0
0
0
0
0
0
0
0
0
0
0
0
0
0
0
0
0
0
0
0
0
0
0
0
0
0
0
0
0
0
0
0
0
0
0
0
0
0
0
0
0
0
0
0
0
0
0
0
0
0
0
0
0
0
0
0
0
0
0
0
0
0
0
0
0
0
0
0
0
0
0
0
0
0
0
0
0
0
0
0
0
0
0
0
0
0
0
0
0
0
0
0
0
0
0
0
0
0
0
0
0
2.6190888650087247
0
0
0
0
0
0
0
2.606746543793558
0
0
0
2.4032504940669503
0
0
0
0
0
0
0
0
0
0
0
0
2.2707134029966016
0
0
0
0
0
0
2.415543301780595
0
0
0
0
0
0
2.606928003187897
0
0
0
0
0
0
2.4105285961071425
0
3.8462003572218104
0
0
0
0
0
0
0
0.009251737401403889
0.007882951520151227
0
0.008747124731461216
0
0.00844039572888853
0.009286881678441956
0.00792183055531635
0
0.008910690309991583
0.007957787692656315
0.008976790650542167
0
0
0
0.007241237898272866
0.008456538593537368
0
0
0
0.008437729251709863
0
0.008358258063027084
0.008604261260202521
0
0.007704217800640469
0
0
0.00820228512537986
0
0.009381048012261525
0.008151441983785684
0
0
0
0.007627457344590287
0
0
0
0.008754108923466512
0.008811371375831115
0.008733435427360058
0.008312529745471524
0.008687094832988716
3.739377714922638
0
0
0.07964817087236765
0.008687706012850599
0
0.007971392268679094
0
0
0
0.0092622770846921
0
0
0
0
518777449.88694835
0
0
0
0
0
0
0
0
0
0
0
0
430193141.67427164
0
0
0
0
0
0
0
0
0
0
0
0
0
462732748.55804354
0
0
0
0
333399610.52480096
0
0
0
0
0
972893171.993605
0
0
0
0
0
0
0
0
0
0
0
0
0
352751046.78042126
0
507628336.24286306
0
6.361751907773962
0
0
2.1838839482803776
0
0
0
0
0
0
0
0
0
0
0
0
0
1.7722840053764997
0
2.083263010183026
0
0
2.223561750845765
6.316082373561068
0
0
1.776623588723111
0
0
0
0
0
0
0
0
0
0
0
6.320145365088314
0
0
0
0
2.013269860643591
0
1.9269855304796066
0
1.9463034495612088
0
0
0
1.9794772928585889
0
0
1.5738705519930802
0
0
0
0
0
891738799.0846119
0
0
0
2.4349328562103607
892002616.3089101
0
0
0
910660903.1924902
0
0
0
905180821.2284003
2.1193575161874683
0
903174365.6903211
0
0
0
0
0
0
0
0
0
0
0
2.0462529353292727
0
798926421.1575114
0
0
0
0
0
2.94183663312888
0
0
864342202.9724271
0
806856163.5037668
0
0
0
0
0
0
0
0
0
0
0
0
0
0
2.5118994513019586
0
0
0
1.7853493745229752
0
0
0
5.391414205633259
1.6732834007911115
886691218.4292382
1.8739159176782467
0
0
0
0
0
0
0
0
0
0
0
11.35637042072246
0
0
0
0
0
0
0
8.995642956579994
0
73.12751603977667
0
0
0
0
0
956857491.5811963
4.2513028588058805
0
0
0
0
0
0
2.012379934357209
0
1.6242317507281618
0
0
154516156.3993495
0
0
0
0
0
0
0
0
0
0
0
0
0
0
0
0
0
0
0
0
0
0
0
0
0
0
0
0
0
0
0
0
0
0
0
0
0
0
0
0
0
0
0
0
0
0
0
0
0
0
0
0
0
0
0
0
0
0
453168844.63816416
0.14829442608451066
0
0.08039386679190556
0
0.10906098244312812
0
0
0
0
0
0
0
0
0
0
0
0
0
0
0
0
0
0
0
0
0
0
0
0
0
0
0
0
0
0.17020483711529955
0
0
463436322.310725
0.16803757578933615
0
0.13039798664805188
0
0
0.10924437399579325
0
0
0.18492573361550438
961027920.1173398
0.15060113320710242
0.164778352102623
0
594103650.4178371
0
0
0
0
0
0
0
0
0
0
0
0
0
0
0
0
0
0
0
0
0
0
1.5051182575316218
0
0
0
0
0
0
0
0
0
0
0
0
0
0
0
0
0
0
0
0
0
0
0
0
0
0
0
0
0
0
0
0
0
0
0
0
0
0
0
0
0
0
3.8519049716907214
0
0
0
0
0.15926265492285333
0
0
0
0
0
0
0
0
0
0
0
2.453537027712193
0
0
0
0
0
0
0
0
0
0
0
0
0
0
0
0
0
0
0
0
0
0
2.7033494015041915
0
0
0
0
2.7995225005111277
0.05340024857507863
0
0
0
0
0
0
0
0
0.054694587042129546
0
0.13906428596935
0.05724601599597054
0
0
0.12797749593354368
0
0
0
0
0
0
0
0
0
0
0
0
0
0
0
0
0
0
0.09822813098197931
0
0
0
0
0
0
0
0
0
0.09859358917806343
0
0
0
0
0
0
0
0
0
0
0
0
0.03912409482506432
0
0
0
0
0
0
0
0
0
0.14030079610564522
3.1433676624159967
0
0
3.0620611264634148
0
0
0
0.12672277550673539
0
0
0
0
0
0.14301319125699616
2.526912878541546
0
5.528766851222958
0
0
0
0
0
0
0
2.1294421785912547
0
0
0
0
0
0
0
0.18247218274109328
5.298451744526121
0
0.13056090498285172
0
1.7627816006836192
0
0
0
0
2.649874055246882
0
0.18241962542887377
0
0
2.6063951226132605
0
0
0
0
0
0.0572118790074245
0.08379364356227098
0.18260571804891526
0
0
0
0
0
0
0.08337690207065397
0
0
0
0
0
0
0
0
0
0
0
0.14631272469567344
0
0
0.18086529368269327
0.18086148240169583
0
0.180948983044027
0
0
0
0.1825783942661289
0
0.18084824256378879
0
0
0
0
0
0
0
0
0
0.08878410542709943
0
0
0
0
0.0978682087745341
0
0
0.18472879179461593
0
0
0
0
0
0
0
3.770840045217336
3.4073551108562423
0
0
3.047401517050294
0
0
3.3965663891511513
0
0
1.3246394359684552
4.006950838951834
0
0
0
3.600999982912138
3.9135660136504993
3.551260006636648
3.5639585729621936
3.5948922989481633
1.8417455933730302
0
4.078513991516569
0
0
0.1624061044955248
0
3.457310291561702
0
3.5834328133439928
0.13531282683937673
0
2.6710000512737815
0
0
3.778857808035699
0
0
0
0
2.6958713478100833
0
0
0
3.7157796012093107
1.8704235120345405
1.5831639324535631
0
1.779695571231849
0
2.5779484822168093
0
0
0
3.7113248885366494
0
0
0
0
0
0.03735957656071927
0
0
0
0
0
0
0
0
0
0
0
0
0
1.9348785292830255
0
0
0.16525837633295398
0
0
0
0
0
0
0
0
0
0
0
0
0
0
0
0
0
0
0
0
0
0.12489990219090659
0
0
0.15040444229605154
0
0
0
0
0
0
0
0
0
2.4043973816206474
0
0
0
2.3749661637072927
0
1.9416602104374718
2.1546497658735833
0
0
0
0
0
0
0
2.4017428211005685
1.9022367709892272
2.5154032908223036
2.4170171271234464
0
0
0
0
0
2.0162384820517825
0
2.2964932354780507
2.2318840404590325
0
0
0
0
2.23466333533947
0
0
0
0
0
1.792381692282572
0
0
0
0
0
0
0
0
0
0
1.6942720686001664
0
1.9821464911384041
2.0486719234463293
0
0
0
0
0
0
0
0
0
0
0
0
0
0
0
0
0
0
0
0
0
0
0
0
0
0
0
0
0
0
0
0
0
0
0
0
0
0
4.073553294767311
0
0
0
0
0
0
0
0
0
0
0
0
0
0
0
0
0
0
0
0
0
0
963753309.9702914
0
0
0
0
315175348.801089
0
0
0
0
19.197004762649744
0
0
0
344593783.56131834
0
0
1.6815624143274144
0
966591028.7826396
0
0
0
0
0
0
0
292163718.9820575
0
4.004147192508532
300741848.14794564
0
0
0
0
818800893.9102492
0
0
0
0
18.466994956798455
1.9702764503109527
0
0
0
0
0
18.46244814310219
342353471.025545
276465145.84155387
333628903.60188156
0
0
270903799.9298141
0
0
0
0
0
0
0
0
0
0
0
0
0
0
1.791241488420657
0
0
0
0
0
0
0
0
0
0
0
0
0
1.920288929970307
1.620663335669919
0
0
0
0
0
0
0
0
0
0
1.5633311574452333
0
0
0
0
0
0
0
0
2.152970717925871
0
0
0
0
0
0
1.5350808814118049
0
0
0
0
0
0
0
0
0
0
0
0
0
0
0
0
0
0
0
0
0
0
0
0
0
0
0
3.6511598581920968
0
0
0
0
0
0
0
0
0
0
0
0
0
0
0
0
0
0
0
0
0
0
0
0
0
0
0
0
0
0
0
0
0
0
0
0
0
0
0
0
0
0
0
0
0
0
0
0
0
0
0
0
0.037803669060384716
0
0
0
0.0321390414127648
0
0
0
0
0
0
0
0
0
0
0
0
0
0
0
0
0
0
0
0
0
0
0
0
0
0
0
0
0
0.031764427121636435
0
0
0
0
0
0
0
2.5268257600528274
0
0
0
0
0
0
0
0
0
0
3.072683877171014
2.1587297922752793
0
0
0
0
0
0
0
0
0
0
0
0
0
0
0
0
0
0
0
0
2.547441599947427
2.1047452899553796
0
0
0
0
0
0
0
0
2.216434227267796
0
0
0
2.629814734335196
0
0
0
0
0
0
0
0
0
0
0
0
0
0
0
0
0
0
0
0
0
0
0
0
0
0
0
0
0
0
0
0
0
0
0
820788283.3760808
0
0
0
0
0
0
0
0
0
0
0
0
0
0
0
0
0
0
0
0.12522212583803105
0
0
0
0
0
0
0
0
0
0
0
0.11846445639967532
2.2156350733900263
0
0
0
0
0
0
2.2232721557023187
0
0
0
0.007274829912711114
2.2243862151216236
0
0
0
0
0
0
0
0
0
0
0
0
0
0
2.341101289548046
0
0
2.2094900918177443
0
0
0.10587484736363703
0
0
2.229960862731875
0.11745691634839923
0
0
0
0
0.004031385689055357
0
0
0
0
0
0
0
0
0
0
0.0212081520541789
0
0
0
0
0
10.950777901237746
0
0
480342580.4884347
0
0
0
0
0
0
414101030.1629115
0.02132497693510565
427214305.5235011
0
0
11.695952532868773
0
410870465.9959379
10.586552475405279
0
0
0
0
0
0
10.767207050133273
11.672218851515423
11.673127534140948
0
0
0
0
0
0
11.673157293415105
0
0
0
0
11.763910366736484
10.755911040986916
0
0
0
481231481.4084693
0
0
10.753622559673959
0
0
0
0.16003087346415382
0
0.12362838139707676
0
0
0
0
0
0
0
0
0
0
0
0
0
0
0
0
0.03997819338638136
0
0
0
0
0
0
0
0
0
0
0
0
0
0
0
0
0
0
0
0
0
0
0
0
0
0
0
0
0
0
0
0
0
0
0
0
0
0
0
0
0
0
0
0
0
0
0
0.1745479232421373
0.17753649909949717
0
0
0
0
0
0
0
0
0
0
0
0
0
0
0
0
0
0
0
0
0
0
0
0
0
0
0
0
0
0
0
0
0.13321512351664078
0
0
0
0.12835777438493193
0
0
0
0
742624009.9152864
0
0
0
0
0
0
0
0
0
0
0
0
0
0
0
908829423.7210528
0
0
0
0
0
0
0
0
0
0
0
0
0
0
0
0
0
0
0
0
0
0
0
0
0
0
0
0
0
0
0
0
0
0
0
0
0
0
0
0
0
0
0
0
0
0
0
4.849011335635323
0
0
0
0
3.935239647262188
0
0
1.937265293020497
0
0
3.573468718945052
0
3.5671675142442405
0
6.225252879887776
0
0
0
0
0
0
0
0
0
0
0
0
0
0
4.704920665922214
0
0
0
0
0
0
0
0
0
0
0
0
0
0
959804962.4339744
0
0
0
4.702840597192611
0
0
0
0
0
0
0
0
0
0
15.095399169781071
0
0
0
0
0
0
2.351774767492849
0
0
0
0
0
0
0
0
0
0
0
0
0
0
0
0
0
0
0
0
0
0
0
0
0
0
0
0
0
8.132659111591966
0
0
0
0
0
0
0
0
0
0
0
0
0
0
0
0
0
0
0
0
0
0
0
0
0
0
0
0
0
0
0
0
0
0
0
0
0
0
0
0
0
0
0
0
0
0
0
0
0
0
0
0
0
0
0
0
0
0
0
0
0
0
0
0
0
0
0
6.045974377141186
310577658.16095394
2.9768816467691575
14.858586488781054
899464922.5595651
3.012342280095501
3.2214730627409076
0
379664350.3771694
1.9892536148506603
4.757236621348016
0
14.62206915912626
19.45015981668905
3.4799749503670845
1.9758473713811682
5.074521280439344
13.381445225987889
1.8419216433183994
408630758.8236363
4.652780459704823
960945343.9683071
2.3526962124547426
2.548074245126487
5.251891737321944
955474350.4815925
312424066.1248787
13.304593914680584
2.9085769734273077
911581144.5987046
2.3141611197324865
925709740.5606675
305645904.0389681
973778304.3805726
4.875580099780506
970746927.1633049
1.9207027361425657
13.153933011465481
2.4828766058319056
11.308531671302923
1.786531041777755
2.9093089530203646
2.1480839302494497
14.600973870033522
5.500253406793787
2.3777978478854203
396287301.0538868
0
924568432.9284624
3.8880330753006023
0
370419113.42927057
4.879660262383196
4.720333081287608
2.992776631011451
3.9009540466300265
2.0400650751594527
0
0.1495132645441421
0.15692736798968349
0
0.046876848926873244
0.09753438150995937
0
0.13887192722312697
0
0
0
0
0.1384918660749796
0
0
0
0
0
0.06477582231868892
0
0
0
0
0.048472997211613245
0
0
0
0
0
0
0.07591407284514318
0.14653712914726455
0
0
0
0.15006234415942082
0
0
0
0
0
0
0
0
0
0
0.10792088486060872
0
0.12013439330453224
0.13831166963959912
0
0.051098308313296745
0
0
0
0.13703376109246995
0.07582035604152164
0
3.5956700587347887
0
0
0
0
0
0
0
0
0
0
0
0
0
3.6675906288192612
3.661779669165357
0
0
0
0
0
3.4126155695391094
0
0
0
0
0
0
0
0
0
0
0
0
0
0
0
0
0
0
0
0
0
0
0
0
0
0
0
0
0
0
0
0
0
0
0
0
0
0
0
0
0
0
0
0
0
0
0
0
0
0
0
0
0
0
0
0
0
0
0
0
0
0
0.18007038529968245
0.17365951617459552
0.18111610700382472
0.18290019746214786
0.1801724899361696
0.1806794996562321
0.1493045322516859
0.18353298187254713
0.18204609617132467
0.18234417218653287
0.17125505025931392
0.17483499758380505
0.17820237830007016
0.17070388823068072
0.1623179022565412
0.17040378770935682
0.18300136488233948
0.17246718586722187
0.1799379221964289
0.18007409536788016
0.17985556884933493
0.18126096568943392
0.17939781009955824
0.16170114608596198
0.16354861648178104
0.17907889617942618
0.17921467495727195
0.18168424045950532
0.17831816998262282
0.17557401406377815
0.17913830497462552
0.18300484577127513
0.1544946386077582
0.17779664370655446
0.17736476224146835
0.1841904826936254
0.18144194683575035
0.18314385069156855
0.17968815484291534
0.1818076942021933
0.17344744507987528
0.169627689072334
0.18266014301926387
0.18057693036458367
0.18202966134988124
0.17898679261780498
0.1833944624687043
0.17203922903822086
0.18092469775806672
0.18003546883283825
0.1825096048962248
0.17768582473012948
0.17908748216656067
0.1840940035471085
0.1794252122885488
0.18006736123854541
0.18169160265659956
0
0
0
0
0
0
0
0
0
0
0
0
0
0
0
0
0
0
0
0
0
0
0
0
0
0
0
0
0
0
0
0
0
0
0
0
0
0
0
0
0
0
0
0
0
0
0
0
0
0
0
0
0
0
0
0
0
740933677.6561171
2.903350864960588
602.1933088170077
0
2.43254316002452
380210534.87075144
2617617.566950196
2347641.0819403357
650.696880134769
4.982633379593579
743185768.9646467
4.6307801805606115
0
0
945897840.0451118
6.178204364075105
1.9359131554131384
20.2494565994768
750687076.3268695
5.789410447501523
955087039.6413702
5.35960358748925
4.571324894535874
2.737845439592754
2.490229636901358
5.959112956878306
2.004187811611048
674725618.3936484
2160978.6908864677
104.24985153570233
4.634266016753852
404789222.0885652
4.820186421053688
0
7.2281620500824255
2.8570202823524617
213392785.2243528
5423314.916898917
89662511.9386921
0
141971802.63193327
3.7558937961925727
7.047117643133986
3.758402357912011
0
2.2378508816531224
270801354.7391167
2.1064419968871384
2.597209619858189
3.5463459894855984
150204147.45727798
89601341.59388615
0
742066965.1350797
850612988.4654076
3.2548212316112544
4.298419420504823
0
2.95762076869765
3.636297375115715
2.9582465385848593
302041076.285551
0
0
358343211.96708095
0
295525248.59498954
3.3382800382557787
3.4143181030741205
0
3.0016768655245327
965780290.1828146
968482522.5078666
0
0
3.464350623392735
974468019.3676556
0
310437608.39389235
0
0
295342083.7966583
308212397.4747181
0
3.0230143138441457
310231779.7187275
958138436.4773023
0
968263884.2767681
3.109665877382178
0
2.7342229550368957
297298512.8751348
3.006853336333222
966181584.7830923
955795988.3298584
370632636.3562748
0
3.1103810785443953
968459022.7846322
967309466.9505875
314117992.85719496
367616823.4897632
966069564.4923228
0
358691638.6520561
310522478.58792984
951401293.1948035
0
2.736317189109068
0
327331753.68057317
0
0
0
0
0
0
0
0
0
0
0
0
0
0
0
0
0
0
0
0
0
0
0
3.648799144944599
357702070.5822961
0
0
354877352.8309379
0
0
0
0
0
0
0
0
0
0
0
0
0
0
0
0
0
0
0
0
0
0
0
0
0
0
0
0
0
0
0
0
0
0
0
0
0
2.271623090315029
0
0
0
0
0
0
0
0
0
0
0
0
1.4836431061549655
0
0
0
0
0
0
0
0
0
0
0
0
0
0
0
1.763305192595846
0
0
0
0
0
0
0
0
0
0
0
0
0
0
0
1.7285442734384644
2.044630366148536
1.8824517045223148
0
0
0
2.456657708082173
346370920.3327549
2.129959668062448
3.4212238235098114
3.0097610235532186
0
0
963310732.5294827
2.0741936921914603
2.5150866242371093
2.3841976578397226
0
0
2.5348008167864813
3.359107493019921
23830009.211212616
6.623028642116233
1.8934039327334977
2.7092281632666917
3.09063121093109
0
2.249548656857067
0
2.0221473160629935
2.289199916998852
3.606864749743385
2.335417525852228
0
0
1.845352856994053
0
962984330.5911156
0
785932104.7335483
1.786069460352081
0
59434243.419253714
0
2.985594928975903
3.607113641616521
3.5853671246199568
6.488994085187283
2.454612746728154
0
16679344.467810588
3.5786242614105737
55.349668746344186
790552572.1713465
55.36056213686453
55.03930241724574
8.239973168849206
3.0432081073113464
2.1929259950419238
3.7550989046963434
2.5017125567122505
2.362125745584633
2.8541131183597304
71926209.6016115
0
3.2070189345261233
58506799.72575978
0
0
0
0
869396284.4265788
914452343.4448602
0
0
0
0
0
0
0
0
0
0
0
0
0
0
0
0
0
0
0
0
0
0
0
0
0
0
0
0
0
0
0
0
0
0
0
0
0
0
0
0
0
0
0
0
0
0
0
0
0
0
0.16040488113400012
0
0.1849385462939698
0.18475695350922794
0.18409009295496875
0.18498345595491683
0.1851648792889003
0.1850188423853978
0.1815659419814946
0.18508420149994417
0
0
0
0
0
0
0.18345524312101985
0
0
0
0.18488969946743397
0.1848873336525094
0
0.1849545542767864
0.15686929178523146
0
0.18508623469412902
0
0.18455879406997255
0.15090565505486228
0.18515633839306753
0.1815747972164852
0
0.18387993188113572
0.18515909918048878
0
0
0
0
0.18516574612719222
0.160408292152867
0.1847734228767592
0
0
0.1814722097759988
0.18494504638508938
0
0
0
0
0.1851591354159196
0
0.18339587898599813
0
0
0.1212680803613123
0
0
0
0
0.11471410143704401
0.16738938693821093
0
0
0
0
0
0.07671971193897988
0
0
0
0
0
0
0
14.429751261340876
0
0.17280324698097108
8.053291181305005
0
0.169073546887255
0.11511061346114049
0
0.1446136650384053
0
0
0.07638572898444035
0
0
0
0
0.1324204514143779
0
0.04847466771593314
0
0.15821044820603847
0
0
0
0
0
0
0
0
0
0
0
0
0.14565647144934726
0
0
0
0
0
0
0
0
0
0
4.200961956005926
4.218623192454784
0
0
0
0
4.06454181203035
0
0
0
0
4.909834888176863
0
0
0
0
0
0
0
0
5.957250624219953
0
0
0
0
0
0
0
0
0
4.158472380688208
0
0
0
0
0
0
4.173948982986659
2.6724447851735547
0
0
0
0
0
0
0
0
0
0
0
0
0.1851504825705153
0
0
0
0
0
0.1578008964964973
0
0
0
0
0
0
0.18325120717119578
0.18326537772107737
0
0
0
0
0
0.18514319287858388
0
0
0
0
0.18515342947864155
0
0
0
0
0
0
0
0
0
0.18517249610012193
0
0
0
0
0
0
0
0
0
0
0
0
0.18514194334744302
0
0
0
0
0
0
0
0
0
0
0
0
0
0
0
0
0
0
0
0
0
0
0
0
0
0
0
0
0
0
0
0
0
0
0
0
0
0
0
0
0
0
0
0
0
0
0
0
0
0
0
0
0
0
0
0
0
0
0
0
0
0
0
0
0
0
0
0
0
973314133.8237144
0
0
0
3.439503738905608
0
0
0
0
0
0
3.1739670090453718
3.430516234716363
0
0
0
3.2227845165702087
0
3.248319792730495
0
0
0
0
0
0
0
0
0
0
0
0
0
0
0
0
0
0
0
0
0
0
0
0
0
3.2035475395883677
0
0
0
0
0
0
0
0
0
0
0
0
0
0
0
0
0
0
0
0
0
0
0
0
0
0
0
0
0
0
0
0
0
0
0
0
0
0
0
0
0
0
0
0
0
0
0
0
0
0
0
0
0
0
0
0
0
0
0
0
0
0
0
0
0
0
0
0
0
0
0
0
0
0
0
0
0
0
0
0
0
0
0
0
0
0
0
0
0
0
0
0
0
0
0
0
0
0
0
0
0
0
0
0
0
0
0
0
0
0
0
0
0
0
0
0
0
0
0
0
0
0
0
923266301.5868529
0
0
0
0
2.4069262112016867
899694345.5003594
0
0
0
0
0
0
0
0
0
956830164.9464735
0
0
806431413.6139822
0
0
0
0
0
0
0
0
0
0
839248196.7855713
4.032089597348748
0
0
1.9453511321319032
0
269908349.8839105
0
1.7374793116502243
684036682.0896567
0
0
0
0
0
4.01327774379444
0
0
3.244522684562784
0
0
0
0
0
884491482.117804
2.5882383958539417
0
0
0
0
0
0
0
0
0
0
0
0
0
0
0
0
0
0
0
0
0
0
0
3.7775082713104333
3.2881163983106596
0
0
0
0
0
0
0
0
0
0
2.941885385449282
0
0
0
0
0
0
0
0.08952693632060162
0
2.7556622942536975
0
0
2.565180206341276
0
0
0
0.09030280760281914
0
0.08406599427395979
0
0
0
0
0
2.4839756975774345
0
0
0
0
0
0
0
0
1.676738173213088
0
1.982221776937397
0
0
2.4022599483904785
0
0
0
0
0
0
0
1.9583940814869951
0
0
0
2.595071472016853
0
0
0
0
0
0
0
0
0
0
0
0
0
0
0
0
2.144849429049293
0
0
3.2619519774095025
0
2.4374231727551177
0
3.2030874430644154
0
0
0.17705494342032643
0
4.783392519163908
0
0.16963852660954956
0
0.17751024222236614
0.17705426665894974
0
0
0.18247764421796914
0
4.27190584036713
4.387841141485601
0.18225658569217731
0
0.18109609824655037
0
0.17750628559598228
2.4350402246066825
0
0
0
0
4.259915703815251
0.1822982701667946
0.16971322716063628
0
0.17282788220451553
0
0.1841967955717112
0.169239768683641
3.435391964466253
0.17296558302442508
0.179087986122162
0.1728286772973411
0
0.17281796895980858
0.17762652210474866
3.450942320100884
5.8937741502194365
3.352519070444001
0
0.17579076288107154
0.09601389092777432
0
3.151527173924646
0.17591220786743747
0
0.18182065773256953
0
0.18227837025535562
0
0.18214674221194604
0
0
0
0.17430169586774835
0
0
0
0
0
0
0
0
0
0
0
0
0
0
0
0
0
0
0
0
0
0
0
0
0
0
0
0
0
0
0
0
0
0
0
0
0
0
0
0
0
0
0
0
0
0
0
0
0
0
0
0
0
0
0
0
0
0
0
0
0
0
0
0
0
0
0
0
0
0
0
0
0
0
0
0
0
0
0
0
0
0
0
0
0
0
0
0
0
0
0
2.8066252316418363
0
0
2.3297630181777143
3.2471085072005748
0
0
0
0
0
1.9189751509750714
0
0
0
0
0.17668865807394596
3.0206911388127247
0
0
0
0
0
0
0
0
0.16752572949594016
0
0.08883112538522211
0.11633827323898656
0
0
0.13009845251887492
0.12770251197601265
0
0
0.12365772829218165
0
0.09939340424771036
0
0.10522268237440406
0
0.1504387790845392
0
0
0.17541918210754667
0
0
0.17781773243377644
0.1637199624055668
0.07548368789423204
0
0
0
0.17659454172756972
0.16477710450186075
0
0
0.12740219507957692
0
0
0
0
0.13951474244426407
0.09478454846713795
0.16552194869459555
0
0
0
0
0.18020607024917643
0
0
0
0
0
0.15733028719717634
0.14742041382745383
0.14525264079974057
0.13821532120326308
0
0
0
0
0
2.3109159662381553
0
0
0
3.333538671805261
0
0
0
3.130813058486439
0
0
0
0
0
0
0
0
0
2.9477508209275736
0
3.282890363015942
0
0
3.1594598736260977
0
0
0
0
0
0
0
0
0
0
1.8596064171000275
0
0
0
0
0
0
0
0
0
0
0
0
0
0
3.0424779191357763
0
0
0
0
0
0
0
0
0
0
0
0
0
0
0
0
0
0
0
0
2.1078773909500543
0
0
0
0
0
0
0
0
0
0
3.3353563171836016
0
0
0
0
0
0
0
0
0
0
0
0
0
0
0
0
0
0
0
0
0
0
0
0
0
0
0.1428937472975743
0
0
0.08119328917761494
0
0
0.17547826299287336
0
0
0
0
0.07641469503309846
0
0
0.16693486072183852
0
0
0.1762857759338806
0
0.05512926393664888
0.09303069675140797
0
0.14550389706731154
0
0
0.06433431317846676
0
0
0
0
0
0
0
0
0
0.0754385732185717
0.08503003399127704
0
0
0
0
0.1121884164945713
0.17318456044784972
0.17023821016404797
0.17913547493759577
0.17426832849167115
0
0
0.06786196885045422
0.1517369029959806
0.17990462059967166
0
0
0
0.17337145790372954
0.17574346494146323
0
0
0.17434635850462546
0
0
870938043.8806624
0
0
909987561.087655
938373874.8261445
0
0
0
0
0
0
914766381.1888272
0
0
934019207.9680338
0
0
0
871942091.6084875
860685022.7726531
0
916168373.2684247
0
0
0
0
0
0
914418736.1244161
0
0
0
0
0
330212046.87468493
0
271530848.2786196
0
0
0
931055820.9072554
835164585.0407511
0
0
0
288556892.5700301
939002714.6138314
0
0
847786628.022716
0
0
0
0
0
0
0
0
0
0
2.689628464067635
0
0
0
0
2.561646781887633
0
0
2.587914288487389
0
0
0
0
0
0
0
2.576787693009189
0
0
0
0
0
2.54843991085039
0
0
0
0
0
0
0
0
0
0
0
0
2.6128670464221133
0
0
0
0
0
0
2.5814503155886803
0
0
0
0
2.635157213713729
2.513773777647302
0
0
0
0
0
0
0
2.051490016024718
0
0
0
1.694691245206051
1.6766657970980527
1.8698624438701719
0
0
1.7173932268661367
0
0
0
1.7266256805291056
0
0
0
0
1.7447382628237467
0
2.514738625884351
2.1151236917819594
1.6038376577375568
2.4580378197266577
0
1.918278653246091
1.9010908499560248
1.6431081570066095
0
0
0
2.1190659864929624
2.3524239912198865
0
0
1.6522944601937375
1.8289218688866067
0
2.516911047768924
2.0859762661775103
0
0
0
0
2.004816594741432
0
2.1106561986130767
1.6124503045765008
0
2.1452403688706365
0
1.549627767286695
2.554327406255836
2.0035108287429866
0
0
0
0
0
0
0
0
0
0
0
0
0
0
0
0
0
0
0
0
0
0
0
0
859623414.4830127
0
0
0
883977290.757899
0
0
0
0
0
0
0
0
0
0
0
0
0
0
0
0
0
870668124.2261784
0
0
0
0
0
0
0
0
0
0
0
0
0
0
0
0
0
0
0
3.039431197257515
3.0175653942527196
0
0
0
0
0
2.9577460790960624
0
0
3.4653784851104814
0
0
0
0
0
0
0
0
0
0
0
0
0
0
0
0
4.002613126011988
0
0
0
4.08079323223316
0
2.7686971114677066
3.2087599793894337
0
0
0
0
0
0
0
0
0
0
0
0
0
0
0
0
0
0
0
0
0
0
0
0
0
0
0
2.930867413825967
0
0
0
0
0
3.090802270940709
0
0
0
0
0
0
0
2.3283896834519204
0
0
0
0
0
0
0
0
2.917109484987156
0
0
0
0
0
0
0
0
0
0
0
0
2.4393530172142652
0
0
0
0
0
0
0
0
0
0
0
0
0
0
0
0
0
0
0
0
0
0
0
0
0
0
0
0
0
0
0
0
0
0
0
0
0
0
0
0
0
0
0
0
0
2.0325155057765887
0
0
0
0
0
0
0
0
0
0
0
0
0
0
0
0
0
0
0.1803954770103745
0.18036454962610382
0
0
0
0
0
0
0
0
0
0
0
0
0
0
0
0
0
0
0
0
0
0
0
0
0
0
0
0
0
0
0
0
0
0
0
0
0
0
0
0
0
0
0
0
0
0
0
0
0
0
0
0
0
0
0
0
0
0
0.17461247778188632
0.1785685412304926
0
0
0
0.12251943090287652
0
0
0
0
0.18043564187271618
0
0
0
0
0
0
0
0
0.11968152303017698
0
0
0
0
0
0
0
0
0.112492409164256
0
0
0
0.053283666204472724
0
0
0.1786719034500041
0
0
0
0.13175983787636317
0
0
0
0
0
0
0
0
0
0
0
0
0
0
0.15744033160250198
0
0
0
0
0
0
0
0
0
0
0
0
0
0
0
0
0
0
0
0
0
0
0.06874563818864474
0
0
0
0
0
0
0
0
0
0
0
0
0
0
0
0
0
0
0
0
0
0
0
0
0
3.7304344265873395
0
0
0
0
940465800.3613733
0
0
0
0
3.808123597674229
0
3.628312477341992
0
0.18456109419339076
4.104728823925307
4.5950252769999524
3.5474984501811444
4.236091016307586
0
0
3.6102040408673495
0.09311204028053384
3.606498569243557
3.5916072336456804
3.7823564344975398
3.603826013907191
4.875545865093257
3.5605940074743514
5.292810284918141
4.174453626350924
0
3.441540549131957
3.520437823691973
3.4094126153073976
3.843902012505307
0.18457342264581242
0
0
3.5566754016392697
3.3916085708459094
0.184573381697262
4.702540830640418
4.946316010201192
3.271916776901456
0
0
0
3.819657117218551
3.2587653752464716
4.508551253129494
0.11410394260925229
0
3.773214740454999
5.124170861728994
0
4.909247296086525
0
0
5.5009928741631615
4.98372044977885
3.5817355131291073
3.660198321876253
3.5186760198738787
4.951113998428555
0
0.184573364796086
0
3.32211632257303
3.359364336715471
0
3.165383627415459
3.24757551034595
2.8697983283807904
3.2373423368442356
4.64189383778032
3.426389408475814
3.4325403026379013
0
3.8340715179806537
3.6333456219580724
0
3.395495792557029
3.459498547907408
0
3.2197254790552754
3.570830473064329
0
0
3.2427640913755154
0
4.221900334160443
3.6264018039231845
4.29795857028767
3.4814403929540427
4.316278389815826
3.4321223293711944
0
4.837149602112144
3.447697640887956
3.364885464540723
0
4.512116330968518
0
0
0
3.434986729067049
0
3.1813434110299514
4.262926303927527
0
3.3629133357151657
3.2266654809831206
3.6133076806212334
3.1808587002876534
0
4.46679623556594
4.166737509171629
3.431362054332561
0
0
0
2.8658483351948942
3.292262338819829
0
2.1949286902506833
0
0
0
0
0
0
0
0
0
0
0
2.260835073892608
0
0
0
0
0
0
0
0
0
0
0
0
0
0
0
0
0
2.595919636704899
0
0
0
0
0
0
0
0
0
0
0
0
0
0
0
2.062423151132536
0
0
0
0
0
0
0
0
0
0
0
0
0
0
0
0
0
0
0
0
0
0
0
0
0
0
0
0
0
0
0
0
1.8989589509411826
0
0
0
0
0
0
1.6969238214673104
0
0
0
0
0
0
0
0
0
0
0
0
0
0
0
0
0
0
0
0
0
0
0
0
0
0
0
0
0
0
0
0
0
0
0
0
0
0
0
0
0
0
0
0
0
0
0
0
0
0
0
0
0
0
0
0
0
0
0
0
0
0
0
0
0
0
0
0
0
0
0
0
0
0
0
0
0
0
0
0
0
0
0
0
0
0
0
0
0
0
0
0
0
0
0
0
0
0
0
0
0
0
0
0
0
0
0
0
0
0
0
0
0
0
0
0
0
0
0
0
0
0
0
0
0
0
0
0
0
0
0
0
0
0
0
0
0
0
0
0
0.1235291506092777
0
0
0
0
0
0.13550276333930125
0
0
0
0
0
0
0
0
0
0.13361853394840814
0.13160512937008198
0
0
0.16170300869366463
0
0
0
0.03911384391222974
0
0
0
0
0
0.12299608553898063
0
0
0
0
0
0
0
0.13597714370943978
0
0
0
0
0
0
0.1655332670232925
0
0
0
0
0.05571393686665761
0.1639388116735264
0.1693416933698918
0
0
0.16410145072976037
0
0
0
0
0.18071531780867953
0
0
3.1718906297935665
0.17920181014184786
3.926559943107066
0
0.18067639648386136
0
0.1801130978227786
0
0
0
0
0
0
0
0
0
0
0.17422962479239595
0
0
3.717362622185974
0
0
0
0.16396164750889897
0.1823106612268598
0
0
0
0
0
0
0
0
0.17614105023319068
0
0
0
0.1817012913020716
0
0
3.283482966289412
3.1923440481161043
0
0
0.18083642532413896
0
0
0
0
0
0
0
0
0
0
20.970773720523745
0
20.678435220240058
0
0
471414045.11996645
0
0
483289231.95398027
0
24.076752068142905
0
0
0
0
0
0
21.01832211062108
0
0
457345812.5540464
0
0
0
580467996.912651
0
0
518685082.2716974
0
0
510740683.8391364
0
25.429170748218123
0
4.120220020280793
0
0
27.601174213530925
0
0
0
0
0
0
0
0
0
0
539648607.8039593
0
580290944.4947248
540033547.6335784
0
0
0
0
0
0.13756147786277903
0
1.219973432946473
865249615.9487618
0
0
0
0
0
0
0
0
0
0
0
0
0
0
0
0
0
0
0
0
0
0
0
0
0
0
0
931450522.6445149
0
0
0
0
0
0
0
0
0
0
0
0
0
0.168288946012431
0
0
0
0
0
0
1.8648488595254893
0
1.808419468114074
19.353742022069614
1.7894613375059192
1.4615720373991905
0
0
4.538211595872375
0
1.6186243797793063
1.6220681971619064
0
0
0
0
1.6146874392829424
0
0
0
0
0
0
0
1.981543616916253
0
0
1.7066770061778882
0
2.137149189353901
0
0
0
0
0
0
1.7641434064138355
0
0
1.8532039779842748
0
0
0
0
0
0
0
1.7359672018907595
0
1.7471011562497722
0
0
0
0
0
0
460995148.54011875
0
0
0
0
0
0
0
0
0
0
0
0
0
0.17571085381263674
0
0
0
0.07517667982545835
0
500098057.50092447
0
0
0
0
0.14748212181228598
0
0.16897883549945664
0.08678455384323377
0
0
0
0
0.15691966663609022
0
0
0.04518280182408745
0
0
0
0.11315439395547443
0
0.12985348505526034
0
0.16163292428402692
483231408.9178425
0
0
0
0
0.1459676121771719
0
0.16961168791801925
0
0
0
0
0
0
0
2.6667845944641315
3.5430166133667056
2.6640767668292127
0
0
0
2.650765531315462
0
2.447993374278477
0
3.443376880832679
0
2.651158193851996
0
0
3.5437511253256297
0
2.7013294494811655
0
2.6980958891467797
0
2.7456568106769152
0
0
0
3.055696490373123
2.7567117136102284
2.8460663620674573
2.37914914568131
0
0
2.754635079617171
0
3.337627111721824
3.438824573776124
3.6184456025036367
0
0
2.719446579779542
0
0
2.7004850313283066
0
2.4592599697469844
0
2.7046415832353303
0
3.8706980459056997
0
0
0
0
2.751658846567331
2.717487949707662
0
0
0
0
0
0
0
0
0
0
0
0
0
0
0
0
0
0
0
3.958778505339944
0
0
0
0
0
0
0
0
0
0
0
0
5.072689804838835
2.422130940254109
0
0
0
0
0
0
0
0
0
0
0
0
0
3.6991393279846387
0
0
0
0
0
0
0
0
0
0
0
0
2.452297661553703
3.269529756739
0
0
0
3.615784916718923
3.815678942563936
0
2.457132024684451
0
0
0
0
0
2.5997917184604917
0
0
0
0
0
0
0
0
0
0
2.136182886840454
0
0
0
0
0
3.329727496876321
0
0
3.4159406538068797
3.4260013102710682
0
0
12.804747037497028
0
5.088349162061681
0
3.2035647064025357
3.2307156474814525
3.4838469264009007
3.2736170150827886
0
0
0
0
0
0
0
0
2.738316044465227
0
0
0.13892525862552788
0
0
32.89279956769411
0
0.1433846257376779
0.1419449989223543
0
0.16929880703839228
0
0
0
0
0
0
0.1496693077364647
0.13394905668723062
0.12146478275322038
0
0.141657270390899
32.66833947862219
0
0
0
0
18.64371400259979
0
0
0
0.08601988249715112
0
0
0
0
0
0
0
0
0
0
0
0
0
0.1486607111220418
0.09708225353012156
0
0
0.15155837800425953
0.11858754391705377
0
0
0.17532033834993677
0
0
0.052673443352248876
0
0
0
0
0
0
0
0
0
0
0
0
0
0
0
0
0
0
0
2.3302702734688188
0
0
0
0
0
0
0
0
0
0
0
0
0
0
0
0
0
0
0
0
0
0
0
1.8850197609529231
0
0
0
0
0
0
0
0
0
0
0
0
0
0
1.7604351262355282
3.446768958786835
0
0
0
0
0
0
0
1.485829305250216
0
0
0
0
0
0
0.11203272359817767
0
0
0
0
0
0
3.4442450608867783
0
0
0
0
0
0.143587235157192
0
0
0
0
0
0
0
0
0.14013071361788204
0
0
0
0
0
0
0
0
4.123310319272237
4.0181109682721
0
0
0
0
0
0
0
0
0
0
0
0
0
0
0
0
0
0
0
0
0
0
0
0
0
0
0
0
0
0
0
0
0
0
0
0
0
0
0
0
0
0
0
0
0
0
0
0
0
0
0
0
0
0
0
0
0
0
0
0
0
0
0
0
0
0
0
0
0
0
0
0
0
0
0
0
0
0
0
0
0
0
0
962005396.8041031
0
0
0
0
307521883.2791769
0
0
0
0
0
0
953394316.7240291
0
0
0
0
0
0
0
0
0
0
0
0
0
0
0
0
0
0
0
73613196.54364303
0
0
0
0
0
0
0
0
0
504246716.4215363
0
0
535751554.0713359
575559149.4142793
503791160.3468608
465049598.2368054
511156953.200699
0
0
0
0
486184092.62541676
0
457807961.95183897
0
0
486676717.0090109
0
0
0
453639041.6438327
0
583306250.622666
0
0
580449165.0261204
496003337.3732248
457058052.15412545
0
0
535145983.05783087
420243480.7526464
489365146.2775126
0
0
581761735.5074388
505189260.9720481
0
571869289.0805745
457924055.6535563
0
0
0
581991148.0178859
0
496356244.0103369
0
456492137.00016147
0
581755272.2106588
0
581830446.9412204
0
484559303.0325205
0
0
0
0
0
0
0
0
0
0
0
0
0
0
0
0
0
0
0
0
0
0
0
0
3.007090192319115
0
0
0
0
0
0
0
0
0
0
0
0
2.275719061488223
0
0
0
0
0
0
0
0
0
0
0
0
0
0
0
0
0
0
0
3.8033497408263366
4.1533657227657
0
4.165105251354664
0
0
0
4.722113499752008
0
3.981573009952133
0
0
0
0
0
0
0
0
0
0
5.490432911126818
0
3.85973334369875
0
0
0
3.77081969832228
0
0
0
3.43502026406568
0
3.7200801793000475
4.3474500139226455
3.5818372328042583
0
0
0
0
0
0
0
3.516068193036413
0
0.18457757390942856
3.97198530133648
0
0
0
0
0
0
0
3.5077640085429875
0
0.13078055186838686
0
0.07586740398003707
0
3.5180824285465824
0
0
0
0
0
5.010680929914123
0
0
3.5816625537136195
3.97621091597118
0
3.848169184732313
3.4943957883335415
0
0
0
0
0.18454588284532233
0
4.919029869446844
0
0
0
0
0
3.963803835476985
3.9479872149597974
3.890823902888246
0
0
0
0
3.7727128542583963
0
3.5861610501098684
0
0
0
0
0
0.18456765027906008
0
0.04910797512549338
0
3.583163470646326
0
0
0
0
3.868799381958598
0
0
0
0
0
0
0
0
0
0
0
0.06670515615537999
5.72694763741573
0
0
4.650976751048691
3.925681708851357
0
0
0
4.9015428986312495
0
0
0
4.629411311575973
3.926091149823131
0
3.9919571065534774
0
0
0
0
3.8322726475646456
0
3.4928464136347785
4.092167879961803
0
4.015412852987987
3.122042609825582
0
3.908673886266993
0
0
0
0
0
3.518802292519551
0
0
0.11107576680107101
0
0
3.484120695050252
0
0
0
0
0
4.2819569818482375
0.08386927574382227
0
0
0
0.115879578868531
0
0
0
0
4.0827698089549935
3.878937984624975
0
4.292173751627804
0
4.102921429819018
3.8557775154694642
3.4963424288864267
0
0
0
0
3.7578026417177326
0.06038874532262878
3.9864786314633402
0
0.0807028215922015
0
0
0
0
0
0
0
0
0
0
0
0
0
0
0
0
0
0
0
0
0
0
0
0
0
0
0
0
0
0
0
0
0
0
0
0
0
0
0
0
0
0
0
0
0
0
0
0
0
4.64008727238209
0
0
0
0
0
0
0
0
0
0
0
0
0
0
0
0
0
0
0
0
0
0
0
0
0
0
0
0
0
0
0
0
0
0
0
1.960381584527827
0
0
0
0
0
0
0.15490114077839423
0
0
0
0
0
0
0
0.05401193817338621
0
0
0
0
0
2.7416696481904124
0
0
0
0
0
0
0
0
0
0
0
0
0
0
0
0
0
0
0
0
0
0
0
3.4339157297326994
0
0
0
0
0
0
0
0
0
0
0
0
0
0
0
0
0
0
0
0
3.437333764103283
0
0
3.343264943599203
0
0
2.389781084201838
4.230179954944698
0
0
0
3.4062445312034595
0
0
0
0
0
0
0
0
0
8.808637862073065
0
0
0.1842350942705344
0
0.16576426424623206
0
0.1363882464698395
0
0
0.1621601258809143
0
0
0
948587857.98128
0
0
0
0
0
0
0
0
0
0
8.795781263031357
0
0
0
2.6976519503537166
0
949912773.3234575
0.16343010537342348
0
0
0
0.16179535064878434
192046620.97659522
0.17004578945397522
0.12766314500250062
0.1630919069652179
0.1748120381916749
0
0
0
0
0.18295903823026533
0
0
0.13345832911864006
0.16309679934707877
0
0
0
0.16216653823275345
0
0
0
0
0
0
0
0
0
0
0
0
0
0
0
0
0
0
0
0
0
0
0
0
0
871352112.4464267
904924095.4858111
0
0
870246225.435355
880984483.9032998
0
0
0
0
0
956273639.2726554
0
886329767.6477906
0
0
0
861716056.9320607
604901725.8802495
0
0
0
0
880275949.6928427
373686989.0849881
0
0
956663774.6388172
882017048.338341
0
0
0
0
0
0
0
0
0
0
0
0
0
0
0
0
0
0
0
0
0
0
0
0
0
0
0
0
0
0
0
0
0
0
0
0
0
0
0
0
0
0
0
0
0
0
0
0
0
0
0
0
0
0
0
0
0
0
0
0
0
0
0
0
0
0
0
0
0
0
0
0
0
0
0
0
0
0
0
0
0
0
0
0
0
2.599461807334522
0
0
0
0
0
0
0
0
0
0
0
0
0
0
0
0
0
0
0
0
0
0
0
0
0
0
0
0
0
0
0
0
0
3.4859244176208413
0
0
0
0
0
0
0
0
0
3.283547179068404
0
0.15586470045022618
0
0
3.03735749928069
0
0
0.10794818729513364
0
0
2.88923949353506
3.447786512165707
3.694542550377561
0
0.1468318633030524
0
0
0
0
0
2.622754279822469
0
3.348145399245852
0
0
3.4310943671103824
3.533620485556693
0.06907806426991064
0
2.978252416435081
0.1600051647349816
0
0
3.0127884517421313
0
0
0.17030937156916026
0
0
3.5586923851803207
0
0.05892146002820921
0
0
2.7629122128977976
0.12574034708406331
0
0
0
17.334378671262833
0
16.771462812685215
0
15.993307940195372
18.062830588639446
0
0
0
0
0
17.255929880213714
17.232704305640198
0
0
0
0
0
0
0
17.233887261344105
0
0
0
0
0
0
17.25214963940908
18.02921330843989
0
0
18.062428615447345
0
16.9812149405021
0
17.306387896403344
17.3409468454756
15.708319761792545
0
0
17.013149418699197
0
18.062369717484394
0
0
0
17.332094208565117
0
0
0
17.574541537902515
0
17.349608017504913
15.79022655649456
0
3.7615963409363196
0
0
5.126197920572279
0
0
0
0
0
3.6661312230828926
0
0
0
0
0
0
3.61448820993246
4.964142326304146
0
0
4.478769400835736
0
0
0
0
0
4.473868444814147
0
3.6449697552791824
3.8326922861402912
0
0
0
0
0
0
0
3.7162838856166345
0
5.257616474104857
0
0
0
0
0
3.4545611736223543
0
3.324777663937901
0
0
3.5879454046324506
0
0
0
0
3.421648283129479
0
0
0
3.141007496113576
0
0
0
0
0
2.9809634563053122
0
0
0
2.787016745241351
0
0
0
0
3.0822227865776277
0
2.9903362993070166
0
3.1762491687988246
0
0
0
0
0
0
0
0
3.1629735009385276
0
0
0
3.0111039416620184
0
0
3.0678666836850215
0
0
0
0
0
2.8305986181344576
0
0
0
0
0
2.7913320304533644
0
2.819944822947905
0
0
2.915315216764607
2.903932850409301
0
0
0
0
0
0
0
0
0
2.963466174966482
0
0
0
0
3.246382958814578
0
0
0
0
0
0.15861459607288875
0
0
0
0
3.253109060830304
0
0.05641260736339525
0
0
0.07575837831482665
0
3.2447207897784964
0
0.08593386367128851
0
0
0
0
3.444708660935481
0
0
0.18321191324320948
3.157716399735929
0.1125634921133263
0
0
0
0
0
0
0
0
0
0.15654428069157764
0
0
0
0
0
0
0
0
3.8147681655826404
0
0
0
0
0
0
0
0
0
0
0
0
0
0
0
0
0
0
0
0
0
0
2.1191581508136332
0
0
2.710378865817787
0
0
0
0
0
0
0
0
0
0
0
0
0
0
0
0
0
0
0
0
0
0
0
0
0
0
0
0
0
0
0
0
0
0
0
0
0
0
0
0
0
0
0.1702895642425202
0
0
0
0
0
0
0
0
0
0
0
0
0
0
0
0
0
0
0
0
0
0
0
0
0
0
0
0
0
0
0
0
0
0
0
0
0
0
0
0
0
0
0
0
0
0
0
0
0
0
0
0
0
0
0
0
0
0
0
0
0
0
491807852.1335989
0
0
0
0
0
0
0
0
0
0
0
0
0
0
0
0
0
0
0
0
0
0
0
0
0
0
0
0
0
0
458340453.74000716
0
0
0
0
0
0
0.17705228145947652
0
0
0
0
0
0
0
0
0
0
0
0
0
0
0
0
0
0
0
0
0
0
0
0
0
0
0
0
0
0
0
0
0
0
0
0
0
0
0
0
0
0
0
0
0
0
0
0
0
0
0
0
0
0
0
0
0
0
0
0
0
654962413.6375755
655373839.9383291
567161105.8635973
657903795.4600627
0
0
0
0
0
0
718385524.6366571
0
0
0
0
0
0
0
0
0
653862062.3534702
0
0
0
0
0
646254278.1927028
0
0
0
0
0
0
705611613.7599051
0
0
679563355.3157979
0
0
0
570079114.6712636
0
744492570.4538364
0
621453814.874792
0
0
